436
427
408
886
382
920
946
913
700
241
618
999
487
949
372
1013
958
350
115
540
103
900
139
270
32
901
196
64
880
494
158
1018
361
679
810
569
470
585
202
538
945
943
173
344
653
518
836
93
648
150
689
842
668
41
320
34
175
334
609
383
691
571
331
906
799
193
53
119
703
728
1008
435
340
210
526
473
393
813
332
561
472
98
789
883
330
111
549
343
1012
797
336
226
425
715
523
363
579
777
711
1011
953
57
651
910
239
696
849
645
761
914
983
965
136
657
852
445
665
394
216
90
692
245
392
786
600
693
406
824
682
100
967
451
626
197
977
1017
726
339
299
837
489
551
280
788
808
528
718
215
662
233
482
306
746
49
144
861
710
940
908
286
825
720
439
770
477
628
721
168
948
838
431
903
756
279
212
616
519
800
976
474
1007
750
614
876
740
959
313
222
764
535
722
282
642
407
980
790
457
493
1022
351
297
673
625
370
859
904
37
732
189
303
278
932
262
54
650
812
376
615
638
915
48
6
912
622
403
220
875
979
288
23
292
637
658
552
0
417
355
248
301
39
731
652
804
327
817
858
400
766
12
177
298
580
184
366
412
975
688
434
899
112
125
464
101
574
174
349
866
390
599
510
643
480
765
754
199
479
934
31
543
89
660
529
897
97
517
264
559
690
305
107
707
783
708
228
444
572
256
716
521
211
182
968
632
511
589
727
950
621
261
587
328
969
896
674
939
762
240
131
266
224
677
567
530
984
274
532
11
545
462
779
315
952
138
798
62
847
358
87
42
955
925
755
120
738
404
495
447
734
531
971
763
922
714
450
823
259
872
881
123
26
127
371
627
820
198
304
437
232
357
520
221
672
106
109
72
149
936
290
9
176
253
501
469
956
937
227
550
96
863
878
324
108
200
669
191
293
566
916
190
576
917
160
891
769
43
478
165
542
699
603
47
893
870
1016
321
275
386
988
423
40
846
230
79
373
978
446
784
989
183
724
92
359
947
384
617
498
698
161
461
18
368
809
73
455
218
352
884
986
205
709
128
512
314
758
563
353
961
36
796
309
188
140
122
911
605
380
601
926
806
818
767
134
819
802
263
475
416
733
25
61
835
424
486
701
736
565
506
898
99
834
116
63
588
1021
869
706
14
957
86
172
635
805
162
130
705
827
312
604
178
853
743
329
503
387
1010
219
21
681
771
254
795
951
557
65
29
807
483
377
242
598
367
963
514
865
137
623
624
22
81
379
164
647
741
717
143
993
687
360
941
121
760
7
907
287
38
402
942
2
504
180
981
319
118
735
938
206
208
774
428
8
778
364
555
201
554
752
973
374
962
235
268
337
848
895
481
20
575
269
126
857
928
890
448
644
291
694
970
413
265
492
548
77
459
613
570
713
114
841
429
44
620
982
217
243
326
739
678
782
85
509
102
28
113
27
496
695
944
345
95
1015
442
142
135
675
854
516
10
238
619
45
527
654
894
874
17
860
157
610
933
505
391
513
255
867
553
59
1006
640
667
606
680
887
246
490
592
420
888
209
862
271
378
284
213
133
19
987
629
68
170
844
50
879
885
302
13
524
671
277
411
51
833
308
153
1005
251
902
684
537
723
78
405
1002
497
536
929
316
203
249
522
749
1
1003
1004
547
578
432
745
333
295
573
460
594
296
155
997
507
281
499
871
564
15
385
338
737
283
247
488
323
179
82
229
105
719
683
935
927
712
596
541
325
659
484
491
918
322
630
381
864
515
792
831
132
449
148
94
815
725
356
996
30
341
539
258
811
388
441
954
237
415
664
742
421
276
257
60
780
768
666
582
990
117
974
508
169
822
80
467
685
597
995
930
186
785
821
88
260
931
187
456
124
16
452
534
458
751
826
845
71
544
426
194
154
919
546
396
631
129
829
562
1014
453
1001
272
181
500
311
966
207
502
747
167
611
1009
1019
525
236
397
151
991
577
362
757
146
438
300
75
267
354
612
223
33
909
595
814
348
244
365
67
634
556
851
152
729
702
1000
145
670
994
166
794
649
568
192
454
401
409
656
398
558
156
832
856
46
5
185
342
793
289
801
998
840
992
607
375
828
422
66
234
317
465
1023
923
443
663
4
730
583
882
773
655
147
231
972
52
433
686
476
399
839
69
70
430
418
873
485
195
225
440
410
414
803
347
776
775
744
985
748
56
639
163
104
772
855
369
346
676
1020
830
83
91
171
661
590
466
905
3
586
581
76
533
74
273
468
608
307
964
84
850
924
560
868
250
335
921
310
294
960
24
787
318
591
759
602
889
892
843
471
110
389
252
636
753
204
816
141
697
214
584
395
791
593
646
877
463
55
159
781
419
704
35
285
58
633
641
